{'lm_dict': {0: {'graph_memory': {'mug': {'patch': Data(
  x=[5188, 30],
  pos=[5188, 3],
  norm=[5188, 3],
  feature_mapping={
    node_ids=[2],
    pose_vectors=[2],
    pose_fully_defined=[2],
    on_object=[2],
    object_coverage=[2],
    rgba=[2],
    min_depth=[2],
    mean_depth=[2],
    hsv=[2],
    principal_curvatures=[2],
    principal_curvatures_log=[2],
    gaussian_curvature=[2],
    mean_curvature=[2],
    gaussian_curvature_sc=[2],
    mean_curvature_sc=[2]
  }
)}, 'banana': {'patch': Data(
  x=[4508, 30],
  pos=[4508, 3],
  norm=[4508, 3],
  feature_mapping={
    node_ids=[2],
    pose_vectors=[2],
    pose_fully_defined=[2],
    on_object=[2],
    object_coverage=[2],
    rgba=[2],
    min_depth=[2],
    mean_depth=[2],
    hsv=[2],
    principal_curvatures=[2],
    principal_curvatures_log=[2],
    gaussian_curvature=[2],
    mean_curvature=[2],
    gaussian_curvature_sc=[2],
    mean_curvature_sc=[2]
  }
)}}, 'target_to_graph_id': {'mug': {'mug'}, 'banana': {'banana'}}, 'graph_id_to_target': {'mug': {'mug'}, 'banana': {'banana'}}}}, 'sm_dict': {0: {'raw_observations': [], 'processed_observations': [{'location': array([7.93650805e-05, 1.49992063e+00, 5.00000007e-02]), 'morphological_features': {'on_object': 0.0}, 'non_morphological_features': {'object_coverage': 0.0}, 'confidence': 1.0, 'use_state': False, 'sender_id': 'patch', 'sender_type': 'SM', 'allowable_sender_types': ('SM', 'LM'), '_semantic_id': 0.0}, {'location': array([ 4.55430931e-05,  1.49995446e+00, -3.01825628e-02]), 'morphological_features': {'pose_vectors': array([[-0.84228591, -0.47548996,  0.25389712],
       [ 0.50886829, -0.5460659 ,  0.66548111],
       [-0.17642228,  0.68826141,  0.70368417]]), 'pose_fully_defined': True, 'on_object': 1.0}, 'non_morphological_features': {'object_coverage': 0.528076171875, 'rgba': array([ 40,  35,   9, 255], dtype=uint8), 'min_depth': 0.02181638777256012, 'mean_depth': 0.025464682128078894, 'hsv': array([0.13978495, 0.775     , 0.15686275]), 'principal_curvatures': array([   5.74372451, -132.36690654]), 'principal_curvatures_log': array([ 1.90861237, -4.89310403]), 'gaussian_curvature': -760.2790459828142, 'mean_curvature': -63.311591010930954, 'gaussian_curvature_sc': -27.5731580705369, 'mean_curvature_sc': -7.956858111775713}, 'confidence': 1.0, 'use_state': False, 'sender_id': 'patch', 'sender_type': 'SM', 'allowable_sender_types': ('SM', 'LM'), '_semantic_id': 1.0}, {'location': array([ 7.98378673e-04,  1.49995828e+00, -2.71521780e-02]), 'morphological_features': {'pose_vectors': array([[-0.85190362, -0.42210272,  0.30998308],
       [ 0.50845759, -0.52489378,  0.68261072],
       [-0.12540413,  0.73911165,  0.66180645]]), 'pose_fully_defined': True, 'on_object': 1.0}, 'non_morphological_features': {'object_coverage': 1.0, 'rgba': array([ 75,  63,   5, 255], dtype=uint8), 'min_depth': 0.025076450780034065, 'mean_depth': 0.026527288782745018, 'hsv': array([0.13809524, 0.93333333, 0.29411765]), 'principal_curvatures': array([   5.06159808, -142.37925484]), 'principal_curvatures_log': array([ 1.80197347, -4.96549325]), 'gaussian_curvature': -720.6665627095426, 'mean_curvature': -68.6588283802362, 'gaussian_curvature_sc': -26.84523351937067, 'mean_curvature_sc': -8.286062296425015}, 'confidence': 1.0, 'use_state': False, 'sender_id': 'patch', 'sender_type': 'SM', 'allowable_sender_types': ('SM', 'LM'), '_semantic_id': 1.0}, {'location': array([ 8.45887950e-04,  1.49986458e+00, -2.71664813e-02]), 'morphological_features': {'pose_vectors': array([[-0.85254495, -0.42131514,  0.30929058],
       [ 0.50781447, -0.52771844,  0.68090947],
       [-0.12368766,  0.73759782,  0.66381535]]), 'pose_fully_defined': True, 'on_object': 1.0}, 'non_morphological_features': {'object_coverage': 1.0, 'rgba': array([ 71,  60,   5, 255], dtype=uint8), 'min_depth': 0.02614038810133934, 'mean_depth': 0.026480255325623148, 'hsv': array([0.13888889, 0.92957746, 0.27843137]), 'principal_curvatures': array([   5.08668808, -142.67450446]), 'principal_curvatures_log': array([ 1.8061041 , -4.96755036]), 'gaussian_curvature': -725.7407006298398, 'mean_curvature': -68.7939081906596, 'gaussian_curvature_sc': -26.939574989777398, 'mean_curvature_sc': -8.294209316785995}, 'confidence': 1.0, 'use_state': True, 'sender_id': 'patch', 'sender_type': 'SM', 'allowable_sender_types': ('SM', 'LM'), '_semantic_id': 1.0, 'displacement': {'displacement': array([0., 0., 0.])}}, {'location': array([ 0.0028608 ,  1.49774302, -0.02443508]), 'morphological_features': {'pose_vectors': array([[-0.86142747, -0.41337748,  0.29506232],
       [ 0.49261289, -0.53868229,  0.6834866 ],
       [-0.12360823,  0.73414216,  0.66764983]]), 'pose_fully_defined': True, 'on_object': 1.0}, 'non_morphological_features': {'object_coverage': 1.0, 'rgba': array([ 65,  55,   4, 255], dtype=uint8), 'min_depth': 0.026313919574022293, 'mean_depth': 0.026589301564399648, 'hsv': array([0.13934426, 0.93846154, 0.25490196]), 'principal_curvatures': array([   4.50121334, -138.22683043]), 'principal_curvatures_log': array([ 1.70496868, -4.93610448]), 'gaussian_curvature': -622.1884529727007, 'mean_curvature': -66.8628085461367, 'gaussian_curvature_sc': -24.94370567844122, 'mean_curvature_sc': -8.176968175683253}, 'confidence': 1.0, 'use_state': False, 'sender_id': 'patch', 'sender_type': 'SM', 'allowable_sender_types': ('SM', 'LM'), '_semantic_id': 1.0}, {'location': array([ 0.00285945,  1.4977449 , -0.02443685]), 'morphological_features': {'pose_vectors': array([[-0.86146505, -0.41324867,  0.29513303],
       [ 0.49299394, -0.54118098,  0.68123426],
       [-0.12180872,  0.73236922,  0.66992385]]), 'pose_fully_defined': True, 'on_object': 1.0}, 'non_morphological_features': {'object_coverage': 1.0, 'rgba': array([ 65,  55,   4, 255], dtype=uint8), 'min_depth': 0.025006162002682686, 'mean_depth': 0.025260089369112393, 'hsv': array([0.13934426, 0.93846154, 0.25490196]), 'principal_curvatures': array([   4.14978919, -140.76578571]), 'principal_curvatures_log': array([ 1.63895578, -4.9541763 ]), 'gaussian_curvature': -584.1483355878521, 'mean_curvature': -68.30799826153643, 'gaussian_curvature_sc': -24.169160837477417, 'mean_curvature_sc': -8.264865289981223}, 'confidence': 1.0, 'use_state': False, 'sender_id': 'patch', 'sender_type': 'SM', 'allowable_sender_types': ('SM', 'LM'), '_semantic_id': 1.0}, {'location': array([ 0.0028609 ,  1.49774499, -0.0244323 ]), 'morphological_features': {'pose_vectors': array([[-0.86138839, -0.41325135,  0.29535293],
       [ 0.49324075, -0.54160879,  0.68071541],
       [-0.1213489 ,  0.73204933,  0.67035678]]), 'pose_fully_defined': True, 'on_object': 1.0}, 'non_morphological_features': {'object_coverage': 1.0, 'rgba': array([ 65,  55,   4, 255], dtype=uint8), 'min_depth': 0.025061171501874924, 'mean_depth': 0.025260099500428623, 'hsv': array([0.13934426, 0.93846154, 0.25490196]), 'principal_curvatures': array([   4.04696314, -141.14055778]), 'principal_curvatures_log': array([ 1.6187867 , -4.95681641]), 'gaussian_curvature': -571.1906346230779, 'mean_curvature': -68.54679731993457, 'gaussian_curvature_sc': -23.899594863157784, 'mean_curvature_sc': -8.279299325422084}, 'confidence': 1.0, 'use_state': False, 'sender_id': 'patch', 'sender_type': 'SM', 'allowable_sender_types': ('SM', 'LM'), '_semantic_id': 1.0}, {'location': array([ 0.00286038,  1.49774625, -0.02443214]), 'morphological_features': {'pose_vectors': array([[-0.86141293, -0.4132004 ,  0.29535266],
       [ 0.49320889, -0.54164028,  0.68071345],
       [-0.12130419,  0.73205472,  0.67035899]]), 'pose_fully_defined': True, 'on_object': 1.0}, 'non_morphological_features': {'object_coverage': 1.0, 'rgba': array([ 65,  55,   4, 255], dtype=uint8), 'min_depth': 0.02506847307085991, 'mean_depth': 0.02526018282333098, 'hsv': array([0.13934426, 0.93846154, 0.25490196]), 'principal_curvatures': array([   4.03789254, -141.23038891]), 'principal_curvatures_log': array([ 1.61698785, -4.9574482 ]), 'gaussian_curvature': -570.2731342623297, 'mean_curvature': -68.59624818455276, 'gaussian_curvature_sc': -23.880392255202377, 'mean_curvature_sc': -8.282285203043466}, 'confidence': 1.0, 'use_state': True, 'sender_id': 'patch', 'sender_type': 'SM', 'allowable_sender_types': ('SM', 'LM'), '_semantic_id': 1.0, 'displacement': {'displacement': array([ 0.00201449, -0.00211833,  0.00273434])}}, {'location': array([ 0.00476881,  1.49556147, -0.02167744]), 'morphological_features': {'pose_vectors': array([[-0.87786438, -0.4006337 ,  0.26238668],
       [ 0.45861792, -0.54547427,  0.70151794],
       [-0.13791253,  0.73615617,  0.66261167]]), 'pose_fully_defined': True, 'on_object': 1.0}, 'non_morphological_features': {'object_coverage': 1.0, 'rgba': array([ 67,  57,   5, 255], dtype=uint8), 'min_depth': 0.024904495105147362, 'mean_depth': 0.025191750388785294, 'hsv': array([0.13978495, 0.92537313, 0.2627451 ]), 'principal_curvatures': array([   8.60338109, -132.2208942 ]), 'principal_curvatures_log': array([ 2.26211523, -4.89200861]), 'gaussian_curvature': -1137.5467409694213, 'mean_curvature': -61.80875655420629, 'gaussian_curvature_sc': -33.72753683519479, 'mean_curvature_sc': -7.861854523851627}, 'confidence': 1.0, 'use_state': False, 'sender_id': 'patch', 'sender_type': 'SM', 'allowable_sender_types': ('SM', 'LM'), '_semantic_id': 1.0}, {'location': array([ 0.00476885,  1.49556132, -0.02167729]), 'morphological_features': {'pose_vectors': array([[-0.87784652, -0.40067105,  0.26238939],
       [ 0.45861588, -0.54530846,  0.70164817],
       [-0.13803285,  0.73625857,  0.66247283]]), 'pose_fully_defined': True, 'on_object': 1.0}, 'non_morphological_features': {'object_coverage': 1.0, 'rgba': array([ 67,  57,   5, 255], dtype=uint8), 'min_depth': 0.024999067187309265, 'mean_depth': 0.02528823502098021, 'hsv': array([0.13978495, 0.92537313, 0.2627451 ]), 'principal_curvatures': array([   8.60740676, -132.08778435]), 'principal_curvatures_log': array([ 2.26253434, -4.89100894]), 'gaussian_curvature': -1136.9332879843048, 'mean_curvature': -61.740188793203195, 'gaussian_curvature_sc': -33.718441363507665, 'mean_curvature_sc': -7.857492525812748}, 'confidence': 1.0, 'use_state': False, 'sender_id': 'patch', 'sender_type': 'SM', 'allowable_sender_types': ('SM', 'LM'), '_semantic_id': 1.0}, {'location': array([ 0.00476759,  1.4955614 , -0.02168238]), 'morphological_features': {'pose_vectors': array([[-0.87788421, -0.40069072,  0.2622332 ],
       [ 0.45849523, -0.54525546,  0.7017682 ],
       [-0.13819324,  0.73628645,  0.66240841]]), 'pose_fully_defined': True, 'on_object': 1.0}, 'non_morphological_features': {'object_coverage': 1.0, 'rgba': array([ 67,  56,   5, 255], dtype=uint8), 'min_depth': 0.025088505819439888, 'mean_depth': 0.025288196608926228, 'hsv': array([0.13709677, 0.92537313, 0.2627451 ]), 'principal_curvatures': array([   8.63265699, -131.89501542]), 'principal_curvatures_log': array([ 2.2651591 , -4.88955946]), 'gaussian_curvature': -1138.6044264725347, 'mean_curvature': -61.631179214170636, 'gaussian_curvature_sc': -33.74321304310742, 'mean_curvature_sc': -7.85055279672525}, 'confidence': 1.0, 'use_state': False, 'sender_id': 'patch', 'sender_type': 'SM', 'allowable_sender_types': ('SM', 'LM'), '_semantic_id': 1.0}, {'location': array([ 0.00476662,  1.49556316, -0.02168208]), 'morphological_features': {'pose_vectors': array([[-0.8779084 , -0.40063935,  0.26223074],
       [ 0.4584518 , -0.54523141,  0.70181526],
       [-0.13818469,  0.73633339,  0.66235801]]), 'pose_fully_defined': True, 'on_object': 1.0}, 'non_morphological_features': {'object_coverage': 1.0, 'rgba': array([ 67,  57,   5, 255], dtype=uint8), 'min_depth': 0.025069383904337883, 'mean_depth': 0.025288080867085228, 'hsv': array([0.13978495, 0.92537313, 0.2627451 ]), 'principal_curvatures': array([   8.61632448, -132.01212749]), 'principal_curvatures_log': array([ 2.26346212, -4.89044031]), 'gaussian_curvature': -1137.4593252800453, 'mean_curvature': -61.69790150876732, 'gaussian_curvature_sc': -33.726240900522036, 'mean_curvature_sc': -7.854801175635658}, 'confidence': 1.0, 'use_state': True, 'sender_id': 'patch', 'sender_type': 'SM', 'allowable_sender_types': ('SM', 'LM'), '_semantic_id': 1.0, 'displacement': {'displacement': array([ 0.00190624, -0.00218309,  0.00275006])}}, {'location': array([ 0.00656105,  1.49334479, -0.01887841]), 'morphological_features': {'pose_vectors': array([[-0.88519259, -0.39865982,  0.2398008 ],
       [ 0.43315322, -0.51817843,  0.73747502],
       [-0.16973385,  0.75666809,  0.63138246]]), 'pose_fully_defined': True, 'on_object': 1.0}, 'non_morphological_features': {'object_coverage': 1.0, 'rgba': array([ 66,  56,   4, 255], dtype=uint8), 'min_depth': 0.024999048560857773, 'mean_depth': 0.025279332936406718, 'hsv': array([0.13978495, 0.93939394, 0.25882353]), 'principal_curvatures': array([  10.37550504, -152.58472346]), 'principal_curvatures_log': array([ 2.43146236, -5.03425236]), 'gaussian_curvature': -1583.1435679247325, 'mean_curvature': -71.10460920565052, 'gaussian_curvature_sc': -39.788736696768, 'mean_curvature_sc': -8.432354902733312}, 'confidence': 1.0, 'use_state': False, 'sender_id': 'patch', 'sender_type': 'SM', 'allowable_sender_types': ('SM', 'LM'), '_semantic_id': 1.0}, {'location': array([ 0.00656111,  1.49334483, -0.01887843]), 'morphological_features': {'pose_vectors': array([[-0.88519007, -0.39867027,  0.23979272],
       [ 0.43315546, -0.51818602,  0.73746837],
       [-0.16974127,  0.75665739,  0.6313933 ]]), 'pose_fully_defined': True, 'on_object': 1.0}, 'non_morphological_features': {'object_coverage': 1.0, 'rgba': array([ 66,  56,   4, 255], dtype=uint8), 'min_depth': 0.025000061839818954, 'mean_depth': 0.025280348557316756, 'hsv': array([0.13978495, 0.93939394, 0.25882353]), 'principal_curvatures': array([  10.37397203, -152.57404972]), 'principal_curvatures_log': array([ 2.43132759, -5.03418286]), 'gaussian_curvature': -1582.7989236070603, 'mean_curvature': -71.10003884830736, 'gaussian_curvature_sc': -39.784405532910256, 'mean_curvature_sc': -8.432083897134051}, 'confidence': 1.0, 'use_state': False, 'sender_id': 'patch', 'sender_type': 'SM', 'allowable_sender_types': ('SM', 'LM'), '_semantic_id': 1.0}, {'location': array([ 0.00656006,  1.49334494, -0.01888266]), 'morphological_features': {'pose_vectors': array([[-0.88516646, -0.39869695,  0.23983553],
       [ 0.43322562, -0.51825715,  0.73737717],
       [-0.16968647,  0.75659596,  0.63148164]]), 'pose_fully_defined': True, 'on_object': 1.0}, 'non_morphological_features': {'object_coverage': 1.0, 'rgba': array([ 66,  56,   4, 255], dtype=uint8), 'min_depth': 0.025058750063180923, 'mean_depth': 0.025280101229327556, 'hsv': array([0.13978495, 0.93939394, 0.25882353]), 'principal_curvatures': array([  10.3672085 , -152.56437019]), 'principal_curvatures_log': array([ 2.43073276, -5.03411983]), 'gaussian_curvature': -1581.6666358841787, 'mean_curvature': -71.09858084487344, 'gaussian_curvature_sc': -39.77017269115359, 'mean_curvature_sc': -8.431997440990683}, 'confidence': 1.0, 'use_state': False, 'sender_id': 'patch', 'sender_type': 'SM', 'allowable_sender_types': ('SM', 'LM'), '_semantic_id': 1.0}, {'location': array([ 0.00655981,  1.49334522, -0.01888258]), 'morphological_features': {'pose_vectors': array([[-0.88517226, -0.39867617,  0.23984866],
       [ 0.4332121 , -0.51821252,  0.73741648],
       [-0.16969084,  0.75663762,  0.63143054]]), 'pose_fully_defined': True, 'on_object': 1.0}, 'non_morphological_features': {'object_coverage': 1.0, 'rgba': array([ 66,  56,   4, 255], dtype=uint8), 'min_depth': 0.025062505155801773, 'mean_depth': 0.025280026220571017, 'hsv': array([0.13978495, 0.93939394, 0.25882353]), 'principal_curvatures': array([  10.36754138, -152.58135023]), 'principal_curvatures_log': array([ 2.43076205, -5.0342304 ]), 'gaussian_curvature': -1581.8934628260538, 'mean_curvature': -71.10690442384, 'gaussian_curvature_sc': -39.77302431078197, 'mean_curvature_sc': -8.432490997554638}, 'confidence': 1.0, 'use_state': True, 'sender_id': 'patch', 'sender_type': 'SM', 'allowable_sender_types': ('SM', 'LM'), '_semantic_id': 1.0, 'displacement': {'displacement': array([ 0.00179319, -0.00221794,  0.0027995 ])}}, {'location': array([ 0.00829298,  1.4911848 , -0.0159966 ]), 'morphological_features': {'pose_vectors': array([[-0.89206524, -0.37090698,  0.25816199],
       [ 0.43450587, -0.54698019,  0.71555386],
       [-0.12426634,  0.75058415,  0.64898483]]), 'pose_fully_defined': True, 'on_object': 1.0}, 'non_morphological_features': {'object_coverage': 1.0, 'rgba': array([ 73,  62,   5, 255], dtype=uint8), 'min_depth': 0.02497674524784088, 'mean_depth': 0.02526326719998906, 'hsv': array([0.13970588, 0.93150685, 0.28627451]), 'principal_curvatures': array([   8.26691625, -151.47745697]), 'principal_curvatures_log': array([ 2.22645067, -5.02701676]), 'gaussian_curvature': -1252.2514510479662, 'mean_curvature': -71.6052703581262, 'gaussian_curvature_sc': -35.38716506090826, 'mean_curvature_sc': -8.461989739897243}, 'confidence': 1.0, 'use_state': False, 'sender_id': 'patch', 'sender_type': 'SM', 'allowable_sender_types': ('SM', 'LM'), '_semantic_id': 1.0}, {'location': array([ 0.00829299,  1.49118473, -0.01599657]), 'morphological_features': {'pose_vectors': array([[-0.89206525, -0.37091972,  0.25814367],
       [ 0.43449625, -0.5469575 ,  0.71557704],
       [-0.12430002,  0.7505945 ,  0.64896641]]), 'pose_fully_defined': True, 'on_object': 1.0}, 'non_morphological_features': {'object_coverage': 1.0, 'rgba': array([ 73,  62,   5, 255], dtype=uint8), 'min_depth': 0.024999890476465225, 'mean_depth': 0.02528679342185569, 'hsv': array([0.13970588, 0.93150685, 0.28627451]), 'principal_curvatures': array([   8.2662638 , -151.40943833]), 'principal_curvatures_log': array([ 2.22638026, -5.02657057]), 'gaussian_curvature': -1251.5903587067394, 'mean_curvature': -71.57158726645727, 'gaussian_curvature_sc': -35.37782297862235, 'mean_curvature_sc': -8.45999924742652}, 'confidence': 1.0, 'use_state': False, 'sender_id': 'patch', 'sender_type': 'SM', 'allowable_sender_types': ('SM', 'LM'), '_semantic_id': 1.0}, {'location': array([ 0.00829396,  1.4911848 , -0.01599384]), 'morphological_features': {'pose_vectors': array([[-0.89207216, -0.37094326,  0.25808595],
       [ 0.43452079, -0.54728687,  0.71531026],
       [-0.1241607 ,  0.75033801,  0.64928961]]), 'pose_fully_defined': True, 'on_object': 1.0}, 'non_morphological_features': {'object_coverage': 1.0, 'rgba': array([ 73,  61,   5, 255], dtype=uint8), 'min_depth': 0.02496170997619629, 'mean_depth': 0.025287003521043516, 'hsv': array([0.1372549 , 0.93150685, 0.28627451]), 'principal_curvatures': array([   8.21516426, -151.62002535]), 'principal_curvatures_log': array([ 2.22085042, -5.02795134]), 'gaussian_curvature': -1245.5834132891973, 'mean_curvature': -71.7024305430419, 'gaussian_curvature_sc': -35.29282382141159, 'mean_curvature_sc': -8.467728771225605}, 'confidence': 1.0, 'use_state': False, 'sender_id': 'patch', 'sender_type': 'SM', 'allowable_sender_types': ('SM', 'LM'), '_semantic_id': 1.0}, {'location': array([ 0.00829229,  1.49119011, -0.01599333]), 'morphological_features': {'pose_vectors': array([[-0.89205383, -0.37096711,  0.25811503],
       [ 0.43453572, -0.54713608,  0.71541653],
       [-0.12423887,  0.75043451,  0.64916312]]), 'pose_fully_defined': True, 'on_object': 1.0}, 'non_morphological_features': {'object_coverage': 1.0, 'rgba': array([ 73,  61,   5, 255], dtype=uint8), 'min_depth': 0.02502894029021263, 'mean_depth': 0.02528744122491844, 'hsv': array([0.1372549 , 0.93150685, 0.28627451]), 'principal_curvatures': array([   8.188462  , -152.02094632]), 'principal_curvatures_log': array([ 2.21794857, -5.03057482]), 'gaussian_curvature': -1244.8177414374998, 'mean_curvature': -71.91624216411424, 'gaussian_curvature_sc': -35.28197473834904, 'mean_curvature_sc': -8.480344460227677}, 'confidence': 1.0, 'use_state': True, 'sender_id': 'patch', 'sender_type': 'SM', 'allowable_sender_types': ('SM', 'LM'), '_semantic_id': 1.0, 'displacement': {'displacement': array([ 0.00173248, -0.00215511,  0.00288926])}}, {'location': array([ 0.00994434,  1.48898159, -0.01309504]), 'morphological_features': {'pose_vectors': array([[-0.90895908, -0.3431486 ,  0.23673283],
       [ 0.39870476, -0.54968886,  0.7340822 ],
       [-0.12174028,  0.76159637,  0.63651415]]), 'pose_fully_defined': True, 'on_object': 1.0}, 'non_morphological_features': {'object_coverage': 1.0, 'rgba': array([ 75,  63,   4, 255], dtype=uint8), 'min_depth': 0.02486429177224636, 'mean_depth': 0.02521643625550496, 'hsv': array([0.13849765, 0.94666667, 0.29411765]), 'principal_curvatures': array([  11.24690863, -150.70987998]), 'principal_curvatures_log': array([ 2.50527355, -5.02197001]), 'gaussian_curvature': -1695.0202499236764, 'mean_curvature': -69.731485672312, 'gaussian_curvature_sc': -41.170623628063694, 'mean_curvature_sc': -8.350538046875304}, 'confidence': 1.0, 'use_state': False, 'sender_id': 'patch', 'sender_type': 'SM', 'allowable_sender_types': ('SM', 'LM'), '_semantic_id': 1.0}, {'location': array([ 0.00994446,  1.48898142, -0.01309486]), 'morphological_features': {'pose_vectors': array([[-0.90889815, -0.34342874,  0.23656047],
       [ 0.39876644, -0.5497624 ,  0.73399361],
       [-0.12199302,  0.76141723,  0.63668006]]), 'pose_fully_defined': True, 'on_object': 1.0}, 'non_morphological_features': {'object_coverage': 1.0, 'rgba': array([ 75,  63,   4, 255], dtype=uint8), 'min_depth': 0.02499869093298912, 'mean_depth': 0.025353704443659808, 'hsv': array([0.13849765, 0.94666667, 0.29411765]), 'principal_curvatures': array([  11.27700309, -150.26148496]), 'principal_curvatures_log': array([ 2.50772784, -5.01901003]), 'gaussian_curvature': -1694.4992297218726, 'mean_curvature': -69.49224093834407, 'gaussian_curvature_sc': -41.16429556936293, 'mean_curvature_sc': -8.33620062968401}, 'confidence': 1.0, 'use_state': False, 'sender_id': 'patch', 'sender_type': 'SM', 'allowable_sender_types': ('SM', 'LM'), '_semantic_id': 1.0}, {'location': array([ 0.00994304,  1.4889815 , -0.01309999]), 'morphological_features': {'pose_vectors': array([[-0.90880914, -0.34345838,  0.23685921],
       [ 0.39897433, -0.54942906,  0.73413022],
       [-0.12198324,  0.76165387,  0.63639884]]), 'pose_fully_defined': True, 'on_object': 1.0}, 'non_morphological_features': {'object_coverage': 1.0, 'rgba': array([ 75,  63,   4, 255], dtype=uint8), 'min_depth': 0.02506132610142231, 'mean_depth': 0.025353349904435163, 'hsv': array([0.13849765, 0.94666667, 0.29411765]), 'principal_curvatures': array([  11.30079524, -150.1040055 ]), 'principal_curvatures_log': array([ 2.50966391, -5.01796838]), 'gaussian_curvature': -1696.294630478078, 'mean_curvature': -69.40160512943001, 'gaussian_curvature_sc': -41.18609753883072, 'mean_curvature_sc': -8.330762577905459}, 'confidence': 1.0, 'use_state': False, 'sender_id': 'patch', 'sender_type': 'SM', 'allowable_sender_types': ('SM', 'LM'), '_semantic_id': 1.0}, {'location': array([ 0.00994084,  1.48898701, -0.01309932]), 'morphological_features': {'pose_vectors': array([[-0.90871523, -0.3436998 ,  0.23686935],
       [ 0.39907249, -0.54897436,  0.73441698],
       [-0.12236718,  0.76188112,  0.63605301]]), 'pose_fully_defined': True, 'on_object': 1.0}, 'non_morphological_features': {'object_coverage': 1.0, 'rgba': array([ 75,  63,   4, 255], dtype=uint8), 'min_depth': 0.02511288970708847, 'mean_depth': 0.025353772761263826, 'hsv': array([0.13849765, 0.94666667, 0.29411765]), 'principal_curvatures': array([  11.27376109, -150.44049192]), 'principal_curvatures_log': array([ 2.50746374, -5.02019276]), 'gaussian_curvature': -1696.0301648129582, 'mean_curvature': -69.583365411005, 'gaussian_curvature_sc': -41.18288679552416, 'mean_curvature_sc': -8.341664426899767}, 'confidence': 1.0, 'use_state': True, 'sender_id': 'patch', 'sender_type': 'SM', 'allowable_sender_types': ('SM', 'LM'), '_semantic_id': 1.0, 'displacement': {'displacement': array([ 0.00164855, -0.0022031 ,  0.00289401])}}, {'location': array([ 0.01150738,  1.48676268, -0.01016697]), 'morphological_features': {'pose_vectors': array([[-0.92070062, -0.33885662,  0.19361446],
       [ 0.34880715, -0.49195448,  0.79769315],
       [-0.17504114,  0.80195241,  0.57116804]]), 'pose_fully_defined': True, 'on_object': 1.0}, 'non_morphological_features': {'object_coverage': 1.0, 'rgba': array([ 64,  54,   3, 255], dtype=uint8), 'min_depth': 0.024955205619335175, 'mean_depth': 0.025307782277195656, 'hsv': array([0.13934426, 0.953125  , 0.25098039]), 'principal_curvatures': array([  11.0450331 , -168.83899206]), 'principal_curvatures_log': array([ 2.48865238, -5.13485088]), 'gaussian_curvature': -1864.8322567207977, 'mean_curvature': -78.89697947976495, 'gaussian_curvature_sc': -43.18370360125215, 'mean_curvature_sc': -8.882397169670186}, 'confidence': 1.0, 'use_state': False, 'sender_id': 'patch', 'sender_type': 'SM', 'allowable_sender_types': ('SM', 'LM'), '_semantic_id': 1.0}, {'location': array([ 0.01150738,  1.48676261, -0.0101669 ]), 'morphological_features': {'pose_vectors': array([[-0.92069086, -0.33889676,  0.1935906 ],
       [ 0.34882569, -0.49202062,  0.79764425],
       [-0.17505546,  0.80189478,  0.57124456]]), 'pose_fully_defined': True, 'on_object': 1.0}, 'non_morphological_features': {'object_coverage': 1.0, 'rgba': array([ 64,  54,   3, 255], dtype=uint8), 'min_depth': 0.024999652057886124, 'mean_depth': 0.025353116751830385, 'hsv': array([0.13934426, 0.953125  , 0.25098039]), 'principal_curvatures': array([  11.04341008, -168.6329489 ]), 'principal_curvatures_log': array([ 2.48851763, -5.13363698]), 'gaussian_curvature': -1862.2828075570674, 'mean_curvature': -78.79476940902354, 'gaussian_curvature_sc': -43.15417485663545, 'mean_curvature_sc': -8.87664178667944}, 'confidence': 1.0, 'use_state': False, 'sender_id': 'patch', 'sender_type': 'SM', 'allowable_sender_types': ('SM', 'LM'), '_semantic_id': 1.0}, {'location': array([ 0.01150526,  1.48676284, -0.01017531]), 'morphological_features': {'pose_vectors': array([[-0.92061827, -0.33901179,  0.19373436],
       [ 0.34887406, -0.49134694,  0.79803827],
       [-0.17534109,  0.80225989,  0.570644  ]]), 'pose_fully_defined': True, 'on_object': 1.0}, 'non_morphological_features': {'object_coverage': 1.0, 'rgba': array([ 64,  54,   3, 255], dtype=uint8), 'min_depth': 0.025088438764214516, 'mean_depth': 0.025352636223033187, 'hsv': array([0.13934426, 0.953125  , 0.25098039]), 'principal_curvatures': array([  11.07024604, -168.43074412]), 'principal_curvatures_log': array([ 2.49074342, -5.13244425]), 'gaussian_curvature': -1864.5697783848586, 'mean_curvature': -78.68024903960739, 'gaussian_curvature_sc': -43.180664404161945, 'mean_curvature_sc': -8.870188782636331}, 'confidence': 1.0, 'use_state': False, 'sender_id': 'patch', 'sender_type': 'SM', 'allowable_sender_types': ('SM', 'LM'), '_semantic_id': 1.0}, {'location': array([ 0.01150518,  1.48676364, -0.01017527]), 'morphological_features': {'pose_vectors': array([[-0.92063081, -0.33894853,  0.19378544],
       [ 0.34887351, -0.49132022,  0.79805496],
       [-0.17527662,  0.80230338,  0.57060266]]), 'pose_fully_defined': True, 'on_object': 1.0}, 'non_morphological_features': {'object_coverage': 1.0, 'rgba': array([ 64,  54,   3, 255], dtype=uint8), 'min_depth': 0.025081155821681023, 'mean_depth': 0.02535281157679492, 'hsv': array([0.13934426, 0.953125  , 0.25098039]), 'principal_curvatures': array([  11.06953271, -168.45345972]), 'principal_curvatures_log': array([ 2.49068432, -5.13257832]), 'gaussian_curvature': -1864.7010827287797, 'mean_curvature': -78.69196350311226, 'gaussian_curvature_sc': -43.18218478410721, 'mean_curvature_sc': -8.870849085804146}, 'confidence': 1.0, 'use_state': True, 'sender_id': 'patch', 'sender_type': 'SM', 'allowable_sender_types': ('SM', 'LM'), '_semantic_id': 1.0, 'displacement': {'displacement': array([ 0.00156434, -0.00222337,  0.00292405])}}, {'location': array([ 0.01288876,  1.48462955, -0.00708773]), 'morphological_features': {'pose_vectors': array([[-0.92369729, -0.34238827,  0.1719116 ],
       [ 0.34508881, -0.54862224,  0.76152961],
       [-0.16642481,  0.76274846,  0.62491405]]), 'pose_fully_defined': True, 'on_object': 1.0}, 'non_morphological_features': {'object_coverage': 1.0, 'rgba': array([ 68,  57,   3, 255], dtype=uint8), 'min_depth': 0.025061018764972687, 'mean_depth': 0.025330964135719114, 'hsv': array([0.13846154, 0.95588235, 0.26666667]), 'principal_curvatures': array([   7.43616291, -166.23520975]), 'principal_curvatures_log': array([ 2.13252757, -5.11940126]), 'gaussian_curvature': -1236.1521015856097, 'mean_curvature': -79.39952341665884, 'gaussian_curvature_sc': -35.15895478516973, 'mean_curvature_sc': -8.91064102164703}, 'confidence': 1.0, 'use_state': False, 'sender_id': 'patch', 'sender_type': 'SM', 'allowable_sender_types': ('SM', 'LM'), '_semantic_id': 1.0}, {'location': array([ 0.01288873,  1.48462971, -0.00708782]), 'morphological_features': {'pose_vectors': array([[-0.92371164, -0.34231736,  0.17197567],
       [ 0.34512789, -0.5487789 ,  0.76139901],
       [-0.16626405,  0.76266763,  0.62505549]]), 'pose_fully_defined': True, 'on_object': 1.0}, 'non_morphological_features': {'object_coverage': 1.0, 'rgba': array([ 68,  57,   3, 255], dtype=uint8), 'min_depth': 0.02500009536743164, 'mean_depth': 0.025269183587624866, 'hsv': array([0.13846154, 0.95588235, 0.26666667]), 'principal_curvatures': array([   7.42989501, -166.52246405]), 'principal_curvatures_log': array([ 2.13178432, -5.12111746]), 'gaussian_curvature': -1237.2444239471408, 'mean_curvature': -79.54628451990706, 'gaussian_curvature_sc': -35.174485411262815, 'mean_curvature_sc': -8.918872379393433}, 'confidence': 1.0, 'use_state': False, 'sender_id': 'patch', 'sender_type': 'SM', 'allowable_sender_types': ('SM', 'LM'), '_semantic_id': 1.0}, {'location': array([ 0.01288785,  1.48462998, -0.00709244]), 'morphological_features': {'pose_vectors': array([[-0.92364606, -0.34239848,  0.17216628],
       [ 0.34533747, -0.54876819,  0.7613117 ],
       [-0.16619399,  0.76264025,  0.62510751]]), 'pose_fully_defined': True, 'on_object': 1.0}, 'non_morphological_features': {'object_coverage': 1.0, 'rgba': array([ 68,  57,   3, 255], dtype=uint8), 'min_depth': 0.025023873895406723, 'mean_depth': 0.025269021655276447, 'hsv': array([0.13846154, 0.95588235, 0.26666667]), 'principal_curvatures': array([   7.44783101, -166.53242507]), 'principal_curvatures_log': array([ 2.13390972, -5.12117692]), 'gaussian_curvature': -1240.3053593737527, 'mean_curvature': -79.54229702891905, 'gaussian_curvature_sc': -35.2179692681698, 'mean_curvature_sc': -8.918648834264024}, 'confidence': 1.0, 'use_state': False, 'sender_id': 'patch', 'sender_type': 'SM', 'allowable_sender_types': ('SM', 'LM'), '_semantic_id': 1.0}, {'location': array([ 0.01288823,  1.48462919, -0.00709255]), 'morphological_features': {'pose_vectors': array([[-0.92366398, -0.34234452,  0.17217749],
       [ 0.34531785, -0.54880304,  0.76129548],
       [-0.16613525,  0.76263946,  0.6251241 ]]), 'pose_fully_defined': True, 'on_object': 1.0}, 'non_morphological_features': {'object_coverage': 1.0, 'rgba': array([ 68,  57,   3, 255], dtype=uint8), 'min_depth': 0.025032920762896538, 'mean_depth': 0.025269032096275623, 'hsv': array([0.13846154, 0.95588235, 0.26666667]), 'principal_curvatures': array([   7.45263943, -166.52289123]), 'principal_curvatures_log': array([ 2.13447875, -5.12112001]), 'gaussian_curvature': -1241.035065128164, 'mean_curvature': -79.53512590052586, 'gaussian_curvature_sc': -35.22832759482295, 'mean_curvature_sc': -8.918246795224151}, 'confidence': 1.0, 'use_state': True, 'sender_id': 'patch', 'sender_type': 'SM', 'allowable_sender_types': ('SM', 'LM'), '_semantic_id': 1.0, 'displacement': {'displacement': array([ 0.00138305, -0.00213445,  0.00308273])}}, {'location': array([ 0.01423857,  1.48245265, -0.00402019]), 'morphological_features': {'pose_vectors': array([[-0.9392955 , -0.29134835,  0.18121837],
       [ 0.31726266, -0.53640186,  0.78205975],
       [-0.13057548,  0.79195988,  0.59644747]]), 'pose_fully_defined': True, 'on_object': 1.0}, 'non_morphological_features': {'object_coverage': 1.0, 'rgba': array([ 72,  60,   3, 255], dtype=uint8), 'min_depth': 0.0249321311712265, 'mean_depth': 0.025238372570584033, 'hsv': array([0.13768116, 0.95833333, 0.28235294]), 'principal_curvatures': array([   9.93547183, -161.24548733]), 'principal_curvatures_log': array([ 2.3920118 , -5.08911054]), 'gaussian_curvature': -1602.0499977996424, 'mean_curvature': -75.6550077497394, 'gaussian_curvature_sc': -40.02561676975937, 'mean_curvature_sc': -8.697988718648663}, 'confidence': 1.0, 'use_state': False, 'sender_id': 'patch', 'sender_type': 'SM', 'allowable_sender_types': ('SM', 'LM'), '_semantic_id': 1.0}, {'location': array([ 0.01423862,  1.48245253, -0.0040201 ]), 'morphological_features': {'pose_vectors': array([[-0.93926463, -0.29147046,  0.18118204],
       [ 0.31730676, -0.53638855,  0.78205098],
       [-0.13069054,  0.79192435,  0.59646945]]), 'pose_fully_defined': True, 'on_object': 1.0}, 'non_morphological_features': {'object_coverage': 1.0, 'rgba': array([ 72,  60,   3, 255], dtype=uint8), 'min_depth': 0.02499973028898239, 'mean_depth': 0.02530710241489942, 'hsv': array([0.13768116, 0.95833333, 0.28235294]), 'principal_curvatures': array([   9.91585028, -161.02510997]), 'principal_curvatures_log': array([ 2.39021589, -5.08775132]), 'gaussian_curvature': -1596.7008819718467, 'mean_curvature': -75.55462984336376, 'gaussian_curvature_sc': -39.95873974453958, 'mean_curvature_sc': -8.692216624277362}, 'confidence': 1.0, 'use_state': False, 'sender_id': 'patch', 'sender_type': 'SM', 'allowable_sender_types': ('SM', 'LM'), '_semantic_id': 1.0}, {'location': array([ 0.01423874,  1.48245249, -0.00401922]), 'morphological_features': {'pose_vectors': array([[-0.93928253, -0.29145022,  0.18112176],
       [ 0.31726087, -0.53649147,  0.781999  ],
       [-0.13067242,  0.79186063,  0.59655801]]), 'pose_fully_defined': True, 'on_object': 1.0}, 'non_morphological_features': {'object_coverage': 1.0, 'rgba': array([ 72,  60,   3, 255], dtype=uint8), 'min_depth': 0.024989383295178413, 'mean_depth': 0.02530705098524777, 'hsv': array([0.13768116, 0.95833333, 0.28235294]), 'principal_curvatures': array([   9.91630405, -161.03922763]), 'principal_curvatures_log': array([ 2.39025746, -5.08783845]), 'gaussian_curvature': -1596.9139446609947, 'mean_curvature': -75.56146179197319, 'gaussian_curvature_sc': -39.96140568925216, 'mean_curvature_sc': -8.692609607705455}, 'confidence': 1.0, 'use_state': False, 'sender_id': 'patch', 'sender_type': 'SM', 'allowable_sender_types': ('SM', 'LM'), '_semantic_id': 1.0}, {'location': array([ 0.01423447,  1.48246311, -0.00401797]), 'morphological_features': {'pose_vectors': array([[-0.93914374, -0.29184925,  0.18119894],
       [ 0.31743585, -0.53564895,  0.78250539],
       [-0.13125605,  0.79230528,  0.59583906]]), 'pose_fully_defined': True, 'on_object': 1.0}, 'non_morphological_features': {'object_coverage': 1.0, 'rgba': array([ 72,  61,   3, 255], dtype=uint8), 'min_depth': 0.025021478533744812, 'mean_depth': 0.02530774607703279, 'hsv': array([0.14009662, 0.95833333, 0.28235294]), 'principal_curvatures': array([   9.89374816, -161.88049195]), 'principal_curvatures_log': array([ 2.38818906, -5.09301675]), 'gaussian_curvature': -1601.604819363427, 'mean_curvature': -75.99337189306311, 'gaussian_curvature_sc': -40.02005521439753, 'mean_curvature_sc': -8.71741773078835}, 'confidence': 1.0, 'use_state': True, 'sender_id': 'patch', 'sender_type': 'SM', 'allowable_sender_types': ('SM', 'LM'), '_semantic_id': 1.0, 'displacement': {'displacement': array([ 0.00134624, -0.00216609,  0.00307458])}}, {'location': array([ 1.54817854e-02,  1.48028341e+00, -9.04514388e-04]), 'morphological_features': {'pose_vectors': array([[-0.94189961, -0.30331324,  0.14431288],
       [ 0.29455855, -0.53938206,  0.78886137],
       [-0.16144611,  0.78556208,  0.5973503 ]]), 'pose_fully_defined': True, 'on_object': 1.0}, 'non_morphological_features': {'object_coverage': 1.0, 'rgba': array([ 67,  57,   4, 255], dtype=uint8), 'min_depth': 0.024995995685458183, 'mean_depth': 0.0252730997258368, 'hsv': array([0.14021164, 0.94029851, 0.2627451 ]), 'principal_curvatures': array([  10.30144806, -152.8588011 ]), 'principal_curvatures_log': array([ 2.42493086, -5.03603531]), 'gaussian_curvature': -1574.6670005685946, 'mean_curvature': -71.2786765164806, 'gaussian_curvature_sc': -39.68207404570223, 'mean_curvature_sc': -8.442669987419892}, 'confidence': 1.0, 'use_state': False, 'sender_id': 'patch', 'sender_type': 'SM', 'allowable_sender_types': ('SM', 'LM'), '_semantic_id': 1.0}, {'location': array([ 1.54817542e-02,  1.48028337e+00, -9.04502126e-04]), 'morphological_features': {'pose_vectors': array([[-0.94189955, -0.30331454,  0.1443105 ],
       [ 0.29455543, -0.53937254,  0.78886904],
       [-0.16145213,  0.78556811,  0.59734073]]), 'pose_fully_defined': True, 'on_object': 1.0}, 'non_morphological_features': {'object_coverage': 1.0, 'rgba': array([ 67,  57,   4, 255], dtype=uint8), 'min_depth': 0.024999946355819702, 'mean_depth': 0.025277111228660942, 'hsv': array([0.14021164, 0.94029851, 0.2627451 ]), 'principal_curvatures': array([  10.30038811, -152.84826722]), 'principal_curvatures_log': array([ 2.42483707, -5.03596684]), 'gaussian_curvature': -1574.3964735568525, 'mean_curvature': -71.27393955624785, 'gaussian_curvature_sc': -39.67866521894168, 'mean_curvature_sc': -8.442389445900245}, 'confidence': 1.0, 'use_state': False, 'sender_id': 'patch', 'sender_type': 'SM', 'allowable_sender_types': ('SM', 'LM'), '_semantic_id': 1.0}, {'location': array([ 1.54800310e-02,  1.48028354e+00, -9.11756013e-04]), 'morphological_features': {'pose_vectors': array([[-0.94181647, -0.3034298 ,  0.14461013],
       [ 0.29474673, -0.53872508,  0.78923992],
       [-0.1615921 ,  0.78597595,  0.59676612]]), 'pose_fully_defined': True, 'on_object': 1.0}, 'non_morphological_features': {'object_coverage': 1.0, 'rgba': array([ 67,  57,   4, 255], dtype=uint8), 'min_depth': 0.024997904896736145, 'mean_depth': 0.02527651939089992, 'hsv': array([0.14021164, 0.94029851, 0.2627451 ]), 'principal_curvatures': array([  10.44402866, -152.5742126 ]), 'principal_curvatures_log': array([ 2.43746808, -5.03418392]), 'gaussian_curvature': -1593.4894499463903, 'mean_curvature': -71.06509196836961, 'gaussian_curvature_sc': -39.9185351678439, 'mean_curvature_sc': -8.430011386016606}, 'confidence': 1.0, 'use_state': False, 'sender_id': 'patch', 'sender_type': 'SM', 'allowable_sender_types': ('SM', 'LM'), '_semantic_id': 1.0}, {'location': array([ 1.54805537e-02,  1.48028067e+00, -9.11973273e-04]), 'morphological_features': {'pose_vectors': array([[-0.94185708, -0.30331167,  0.14459345],
       [ 0.29467214, -0.53879586,  0.78921946],
       [-0.16149153,  0.78597325,  0.59679689]]), 'pose_fully_defined': True, 'on_object': 1.0}, 'non_morphological_features': {'object_coverage': 1.0, 'rgba': array([ 67,  57,   4, 255], dtype=uint8), 'min_depth': 0.02502051554620266, 'mean_depth': 0.02527624068352452, 'hsv': array([0.14021164, 0.94029851, 0.2627451 ]), 'principal_curvatures': array([  10.45354254, -152.46411871]), 'principal_curvatures_log': array([ 2.43829907, -5.03346679]), 'gaussian_curvature': -1593.7901499869438, 'mean_curvature': -71.00528808660437, 'gaussian_curvature_sc': -39.92230141145352, 'mean_curvature_sc': -8.426463557543245}, 'confidence': 1.0, 'use_state': True, 'sender_id': 'patch', 'sender_type': 'SM', 'allowable_sender_types': ('SM', 'LM'), '_semantic_id': 1.0, 'displacement': {'displacement': array([ 0.00124608, -0.00218244,  0.003106  ])}}, {'location': array([0.01665017, 1.47809969, 0.00223055]), 'morphological_features': {'pose_vectors': array([[-0.95008111, -0.28852312,  0.11874468],
